960
0.0332 0.3787 0.1023 0.0838 0.9625 0.258 0.7 0.0881
0.1076 0.3787 0 0.2713 0.9625 -0 0.5 0.0881
0 0.3937 0 0 1 0 0.6 0.000100017
0.1424 0.3521 0.1035 0.3638 0.8932 0.2643 0.6 0.1476
0.207 0.3349 0 0.525 0.8511 -0 0.5 0.1762
0.1076 0.3787 0 0.2713 0.9625 -0 0.5 0.0881
0.0332 0.3787 0.1023 0.0838 0.9625 0.258 0.7 0.0881
0.1424 0.3521 0.1035 0.3638 0.8932 0.2643 0.6 0.1476
0.1076 0.3787 0 0.2713 0.9625 -0 0.5 0.0881
0.064 0.3349 0.1969 0.1622 0.8511 0.4993 0.7 0.1762
0.1424 0.3521 0.1035 0.3638 0.8932 0.2643 0.6 0.1476
0.0332 0.3787 0.1023 0.0838 0.9625 0.258 0.7 0.0881
0.2433 0.2915 0.1042 0.6197 0.7376 0.268 0.5644 0.2346
0.2906 0.2656 0 0.7394 0.6732 0 0.5 0.2643
0.207 0.3349 0 0.525 0.8511 -0 0.5 0.1762
0.1424 0.3521 0.1035 0.3638 0.8932 0.2643 0.6 0.1476
0.2433 0.2915 0.1042 0.6197 0.7376 0.268 0.5644 0.2346
0.207 0.3349 0 0.525 0.8511 -0 0.5 0.1762
0.1743 0.2915 0.1991 0.4464 0.7376 0.5066 0.6356 0.2346
0.2433 0.2915 0.1042 0.6197 0.7376 0.268 0.5644 0.2346
0.1424 0.3521 0.1035 0.3638 0.8932 0.2643 0.6 0.1476
0.064 0.3349 0.1969 0.1622 0.8511 0.4993 0.7 0.1762
0.1743 0.2915 0.1991 0.4464 0.7376 0.5066 0.6356 0.2346
0.1424 0.3521 0.1035 0.3638 0.8932 0.2643 0.6 0.1476
0.0898 0.2656 0.2764 0.2285 0.6732 0.7032 0.7 0.2643
0.1743 0.2915 0.1991 0.4464 0.7376 0.5066 0.6356 0.2346
0.064 0.3349 0.1969 0.1622 0.8511 0.4993 0.7 0.1762
0.3239 0.1991 0.1023 0.8219 0.506 0.2615 0.5487 0.3312
0.3521 0.1761 0 0.8944 0.4472 0 0.5 0.3524
0.2906 0.2656 0 0.7394 0.6732 0 0.5 0.2643
0.2433 0.2915 0.1042 0.6197 0.7376 0.268 0.5644 0.2346
0.3239 0.1991 0.1023 0.8219 0.506 0.2615 0.5487 0.3312
0.2906 0.2656 0 0.7394 0.6732 0 0.5 0.2643
0.2709 0.207 0.1969 0.6882 0.5257 0.5 0.6 0.3238
0.3239 0.1991 0.1023 0.8219 0.506 0.2615 0.5487 0.3312
0.2433 0.2915 0.1042 0.6197 0.7376 0.268 0.5644 0.2346
0.1743 0.2915 0.1991 0.4464 0.7376 0.5066 0.6356 0.2346
0.2709 0.207 0.1969 0.6882 0.5257 0.5 0.6 0.3238
0.2433 0.2915 0.1042 0.6197 0.7376 0.268 0.5644 0.2346
0.1974 0.1991 0.2764 0.5027 0.506 0.7009 0.6513 0.3312
0.2709 0.207 0.1969 0.6882 0.5257 0.5 0.6 0.3238
0.1743 0.2915 0.1991 0.4464 0.7376 0.5066 0.6356 0.2346
0.0898 0.2656 0.2764 0.2285 0.6732 0.7032 0.7 0.2643
0.1974 0.1991 0.2764 0.5027 0.506 0.7009 0.6513 0.3312
0.1743 0.2915 0.1991 0.4464 0.7376 0.5066 0.6356 0.2346
0.1088 0.1761 0.3349 0.2764 0.4472 0.8507 0.7 0.3524
0.1974 0.1991 0.2764 0.5027 0.506 0.7009 0.6513 0.3312
0.0898 0.2656 0.2764 0.2285 0.6732 0.7032 0.7 0.2643
-0.087 0.3787 0.0632 -0.2195 0.9625 0.1595 0.9 0.0881
0.0332 0.3787 0.1023 0.0838 0.9625 0.258 0.7 0.0881
0 0.3937 0 0 1 0 0.8 0.000100017
-0.0544 0.3521 0.1675 -0.139 0.8932 0.4277 0.8 0.1476
0.064 0.3349 0.1969 0.1622 0.8511 0.4993 0.7 0.1762
0.0332 0.3787 0.1023 0.0838 0.9625 0.258 0.7 0.0881
-0.087 0.3787 0.0632 -0.2195 0.9625 0.1595 0.9 0.0881
-0.0544 0.3521 0.1675 -0.139 0.8932 0.4277 0.8 0.1476
0.0332 0.3787 0.1023 0.0838 0.9625 0.258 0.7 0.0881
-0.1675 0.3349 0.1217 -0.4248 0.8511 0.3086 0.9 0.1762
-0.0544 0.3521 0.1675 -0.139 0.8932 0.4277 0.8 0.1476
-0.087 0.3787 0.0632 -0.2195 0.9625 0.1595 0.9 0.0881
-0.0239 0.2915 0.2635 -0.0634 0.7376 0.6722 0.7644 0.2346
0.0898 0.2656 0.2764 0.2285 0.6732 0.7032 0.7 0.2643
0.064 0.3349 0.1969 0.1622 0.8511 0.4993 0.7 0.1762
-0.0544 0.3521 0.1675 -0.139 0.8932 0.4277 0.8 0.1476
-0.0239 0.2915 0.2635 -0.0634 0.7376 0.6722 0.7644 0.2346
0.064 0.3349 0.1969 0.1622 0.8511 0.4993 0.7 0.1762
-0.1355 0.2915 0.2273 -0.3438 0.7376 0.5811 0.8356 0.2346
-0.0239 0.2915 0.2635 -0.0634 0.7376 0.6722 0.7644 0.2346
-0.0544 0.3521 0.1675 -0.139 0.8932 0.4277 0.8 0.1476
-0.1675 0.3349 0.1217 -0.4248 0.8511 0.3086 0.9 0.1762
-0.1355 0.2915 0.2273 -0.3438 0.7376 0.5811 0.8356 0.2346
-0.0544 0.3521 0.1675 -0.139 0.8932 0.4277 0.8 0.1476
-0.2351 0.2656 0.1708 -0.5982 0.6732 0.4346 0.9 0.2643
-0.1355 0.2915 0.2273 -0.3438 0.7376 0.5811 0.8356 0.2346
-0.1675 0.3349 0.1217 -0.4248 0.8511 0.3086 0.9 0.1762
0.0028 0.1991 0.3396 0.0053 0.506 0.8625 0.7487 0.3312
0.1088 0.1761 0.3349 0.2764 0.4472 0.8507 0.7 0.3524
0.0898 0.2656 0.2764 0.2285 0.6732 0.7032 0.7 0.2643
-0.0239 0.2915 0.2635 -0.0634 0.7376 0.6722 0.7644 0.2346
0.0028 0.1991 0.3396 0.0053 0.506 0.8625 0.7487 0.3312
0.0898 0.2656 0.2764 0.2285 0.6732 0.7032 0.7 0.2643
-0.1035 0.207 0.3185 -0.2629 0.5257 0.809 0.8 0.3238
0.0028 0.1991 0.3396 0.0053 0.506 0.8625 0.7487 0.3312
-0.0239 0.2915 0.2635 -0.0634 0.7376 0.6722 0.7644 0.2346
-0.1355 0.2915 0.2273 -0.3438 0.7376 0.5811 0.8356 0.2346
-0.1035 0.207 0.3185 -0.2629 0.5257 0.809 0.8 0.3238
-0.0239 0.2915 0.2635 -0.0634 0.7376 0.6722 0.7644 0.2346
-0.2019 0.1991 0.2731 -0.5112 0.506 0.6947 0.8513 0.3312
-0.1035 0.207 0.3185 -0.2629 0.5257 0.809 0.8 0.3238
-0.1355 0.2915 0.2273 -0.3438 0.7376 0.5811 0.8356 0.2346
-0.2351 0.2656 0.1708 -0.5982 0.6732 0.4346 0.9 0.2643
-0.2019 0.1991 0.2731 -0.5112 0.506 0.6947 0.8513 0.3312
-0.1355 0.2915 0.2273 -0.3438 0.7376 0.5811 0.8356 0.2346
-0.2849 0.1761 0.207 -0.7236 0.4472 0.5257 0.9 0.3524
-0.2019 0.1991 0.2731 -0.5112 0.506 0.6947 0.8513 0.3312
-0.2351 0.2656 0.1708 -0.5982 0.6732 0.4346 0.9 0.2643
-0.087 0.3787 -0.0632 -0.2195 0.9625 -0.1595 0.1 0.0881
-0.087 0.3787 0.0632 -0.2195 0.9625 0.1595 -0.1 0.0881
0 0.3937 0 0 1 0 0 0.000100017
-0.1761 0.3521 -0 -0.4497 0.8932 -0 0 0.1476
-0.1675 0.3349 0.1217 -0.4248 0.8511 0.3086 -0.1 0.1762
-0.087 0.3787 0.0632 -0.2195 0.9625 0.1595 -0.1 0.0881
-0.087 0.3787 -0.0632 -0.2195 0.9625 -0.1595 0.1 0.0881
-0.1761 0.3521 -0 -0.4497 0.8932 -0 0 0.1476
-0.087 0.3787 0.0632 -0.2195 0.9625 0.1595 -0.1 0.0881
-0.1675 0.3349 -0.1217 -0.4248 0.8511 -0.3086 0.1 0.1762
-0.1761 0.3521 -0 -0.4497 0.8932 -0 0 0.1476
-0.087 0.3787 -0.0632 -0.2195 0.9625 -0.1595 0.1 0.0881
-0.258 0.2915 0.0587 -0.6589 0.7376 0.1474 0.9644 0.2346
-0.2351 0.2656 0.1708 -0.5982 0.6732 0.4346 0.9 0.2643
-0.1675 0.3349 0.1217 -0.4248 0.8511 0.3086 0.9 0.1762
-0.1761 0.3521 -0 -0.4497 0.8932 -0 0 0.1476
-0.258 0.2915 0.0587 -0.6589 0.7376 0.1474 -0.0356 0.2346
-0.1675 0.3349 0.1217 -0.4248 0.8511 0.3086 -0.1 0.1762
-0.258 0.2915 -0.0587 -0.6589 0.7376 -0.1474 0.0356 0.2346
-0.258 0.2915 0.0587 -0.6589 0.7376 0.1474 -0.0356 0.2346
-0.1761 0.3521 -0 -0.4497 0.8932 -0 0 0.1476
-0.1675 0.3349 -0.1217 -0.4248 0.8511 -0.3086 0.1 0.1762
-0.258 0.2915 -0.0587 -0.6589 0.7376 -0.1474 0.0356 0.2346
-0.1761 0.3521 -0 -0.4497 0.8932 -0 0 0.1476
-0.2351 0.2656 -0.1708 -0.5982 0.6732 -0.4346 0.1 0.2643
-0.258 0.2915 -0.0587 -0.6589 0.7376 -0.1474 0.0356 0.2346
-0.1675 0.3349 -0.1217 -0.4248 0.8511 -0.3086 0.1 0.1762
-0.3222 0.1991 0.1076 -0.8187 0.506 0.2715 0.9487 0.3312
-0.2849 0.1761 0.207 -0.7236 0.4472 0.5257 0.9 0.3524
-0.2351 0.2656 0.1708 -0.5982 0.6732 0.4346 0.9 0.2643
-0.258 0.2915 0.0587 -0.6589 0.7376 0.1474 0.9644 0.2346
-0.3222 0.1991 0.1076 -0.8187 0.506 0.2715 0.9487 0.3312
-0.2351 0.2656 0.1708 -0.5982 0.6732 0.4346 0.9 0.2643
-0.3349 0.207 -0 -0.8507 0.5257 -0 0 0.3238
-0.3222 0.1991 0.1076 -0.8187 0.506 0.2715 -0.0513 0.3312
-0.258 0.2915 0.0587 -0.6589 0.7376 0.1474 -0.0356 0.2346
-0.258 0.2915 -0.0587 -0.6589 0.7376 -0.1474 0.0356 0.2346
-0.3349 0.207 -0 -0.8507 0.5257 -0 0 0.3238
-0.258 0.2915 0.0587 -0.6589 0.7376 0.1474 -0.0356 0.2346
-0.3222 0.1991 -0.1076 -0.8187 0.506 -0.2715 0.0513 0.3312
-0.3349 0.207 -0 -0.8507 0.5257 -0 0 0.3238
-0.258 0.2915 -0.0587 -0.6589 0.7376 -0.1474 0.0356 0.2346
-0.2351 0.2656 -0.1708 -0.5982 0.6732 -0.4346 0.1 0.2643
-0.3222 0.1991 -0.1076 -0.8187 0.506 -0.2715 0.0513 0.3312
-0.258 0.2915 -0.0587 -0.6589 0.7376 -0.1474 0.0356 0.2346
-0.2849 0.1761 -0.207 -0.7236 0.4472 -0.5257 0.1 0.3524
-0.3222 0.1991 -0.1076 -0.8187 0.506 -0.2715 0.0513 0.3312
-0.2351 0.2656 -0.1708 -0.5982 0.6732 -0.4346 0.1 0.2643
0.0332 0.3787 -0.1023 0.0838 0.9625 -0.258 0.3 0.0881
-0.087 0.3787 -0.0632 -0.2195 0.9625 -0.1595 0.1 0.0881
0 0.3937 0 0 1 0 0.2 0.000100017
-0.0544 0.3521 -0.1675 -0.139 0.8932 -0.4277 0.2 0.1476
-0.1675 0.3349 -0.1217 -0.4248 0.8511 -0.3086 0.1 0.1762
-0.087 0.3787 -0.0632 -0.2195 0.9625 -0.1595 0.1 0.0881
0.0332 0.3787 -0.1023 0.0838 0.9625 -0.258 0.3 0.0881
-0.0544 0.3521 -0.1675 -0.139 0.8932 -0.4277 0.2 0.1476
-0.087 0.3787 -0.0632 -0.2195 0.9625 -0.1595 0.1 0.0881
0.064 0.3349 -0.1969 0.1622 0.8511 -0.4993 0.3 0.1762
-0.0544 0.3521 -0.1675 -0.139 0.8932 -0.4277 0.2 0.1476
0.0332 0.3787 -0.1023 0.0838 0.9625 -0.258 0.3 0.0881
-0.1355 0.2915 -0.2273 -0.3438 0.7376 -0.5811 0.1644 0.2346
-0.2351 0.2656 -0.1708 -0.5982 0.6732 -0.4346 0.1 0.2643
-0.1675 0.3349 -0.1217 -0.4248 0.8511 -0.3086 0.1 0.1762
-0.0544 0.3521 -0.1675 -0.139 0.8932 -0.4277 0.2 0.1476
-0.1355 0.2915 -0.2273 -0.3438 0.7376 -0.5811 0.1644 0.2346
-0.1675 0.3349 -0.1217 -0.4248 0.8511 -0.3086 0.1 0.1762
-0.0239 0.2915 -0.2635 -0.0634 0.7376 -0.6722 0.2356 0.2346
-0.1355 0.2915 -0.2273 -0.3438 0.7376 -0.5811 0.1644 0.2346
-0.0544 0.3521 -0.1675 -0.139 0.8932 -0.4277 0.2 0.1476
0.064 0.3349 -0.1969 0.1622 0.8511 -0.4993 0.3 0.1762
-0.0239 0.2915 -0.2635 -0.0634 0.7376 -0.6722 0.2356 0.2346
-0.0544 0.3521 -0.1675 -0.139 0.8932 -0.4277 0.2 0.1476
0.0898 0.2656 -0.2764 0.2285 0.6732 -0.7032 0.3 0.2643
-0.0239 0.2915 -0.2635 -0.0634 0.7376 -0.6722 0.2356 0.2346
0.064 0.3349 -0.1969 0.1622 0.8511 -0.4993 0.3 0.1762
-0.2019 0.1991 -0.2731 -0.5112 0.506 -0.6947 0.1487 0.3312
-0.2849 0.1761 -0.207 -0.7236 0.4472 -0.5257 0.1 0.3524
-0.2351 0.2656 -0.1708 -0.5982 0.6732 -0.4346 0.1 0.2643
-0.1355 0.2915 -0.2273 -0.3438 0.7376 -0.5811 0.1644 0.2346
-0.2019 0.1991 -0.2731 -0.5112 0.506 -0.6947 0.1487 0.3312
-0.2351 0.2656 -0.1708 -0.5982 0.6732 -0.4346 0.1 0.2643
-0.1035 0.207 -0.3185 -0.2629 0.5257 -0.809 0.2 0.3238
-0.2019 0.1991 -0.2731 -0.5112 0.506 -0.6947 0.1487 0.3312
-0.1355 0.2915 -0.2273 -0.3438 0.7376 -0.5811 0.1644 0.2346
-0.0239 0.2915 -0.2635 -0.0634 0.7376 -0.6722 0.2356 0.2346
-0.1035 0.207 -0.3185 -0.2629 0.5257 -0.809 0.2 0.3238
-0.1355 0.2915 -0.2273 -0.3438 0.7376 -0.5811 0.1644 0.2346
0.0028 0.1991 -0.3396 0.0053 0.506 -0.8625 0.2513 0.3312
-0.1035 0.207 -0.3185 -0.2629 0.5257 -0.809 0.2 0.3238
-0.0239 0.2915 -0.2635 -0.0634 0.7376 -0.6722 0.2356 0.2346
0.0898 0.2656 -0.2764 0.2285 0.6732 -0.7032 0.3 0.2643
0.0028 0.1991 -0.3396 0.0053 0.506 -0.8625 0.2513 0.3312
-0.0239 0.2915 -0.2635 -0.0634 0.7376 -0.6722 0.2356 0.2346
0.1088 0.1761 -0.3349 0.2764 0.4472 -0.8507 0.3 0.3524
0.0028 0.1991 -0.3396 0.0053 0.506 -0.8625 0.2513 0.3312
0.0898 0.2656 -0.2764 0.2285 0.6732 -0.7032 0.3 0.2643
0.1076 0.3787 0 0.2713 0.9625 -0 0.5 0.0881
0.0332 0.3787 -0.1023 0.0838 0.9625 -0.258 0.3 0.0881
0 0.3937 0 0 1 0 0.4 0.000100017
0.1424 0.3521 -0.1035 0.3638 0.8932 -0.2643 0.4 0.1476
0.064 0.3349 -0.1969 0.1622 0.8511 -0.4993 0.3 0.1762
0.0332 0.3787 -0.1023 0.0838 0.9625 -0.258 0.3 0.0881
0.1076 0.3787 0 0.2713 0.9625 -0 0.5 0.0881
0.1424 0.3521 -0.1035 0.3638 0.8932 -0.2643 0.4 0.1476
0.0332 0.3787 -0.1023 0.0838 0.9625 -0.258 0.3 0.0881
0.207 0.3349 0 0.525 0.8511 -0 0.5 0.1762
0.1424 0.3521 -0.1035 0.3638 0.8932 -0.2643 0.4 0.1476
0.1076 0.3787 0 0.2713 0.9625 -0 0.5 0.0881
0.1743 0.2915 -0.1991 0.4464 0.7376 -0.5066 0.3644 0.2346
0.0898 0.2656 -0.2764 0.2285 0.6732 -0.7032 0.3 0.2643
0.064 0.3349 -0.1969 0.1622 0.8511 -0.4993 0.3 0.1762
0.1424 0.3521 -0.1035 0.3638 0.8932 -0.2643 0.4 0.1476
0.1743 0.2915 -0.1991 0.4464 0.7376 -0.5066 0.3644 0.2346
0.064 0.3349 -0.1969 0.1622 0.8511 -0.4993 0.3 0.1762
0.2433 0.2915 -0.1042 0.6197 0.7376 -0.268 0.4356 0.2346
0.1743 0.2915 -0.1991 0.4464 0.7376 -0.5066 0.3644 0.2346
0.1424 0.3521 -0.1035 0.3638 0.8932 -0.2643 0.4 0.1476
0.207 0.3349 0 0.525 0.8511 -0 0.5 0.1762
0.2433 0.2915 -0.1042 0.6197 0.7376 -0.268 0.4356 0.2346
0.1424 0.3521 -0.1035 0.3638 0.8932 -0.2643 0.4 0.1476
0.2906 0.2656 0 0.7394 0.6732 0 0.5 0.2643
0.2433 0.2915 -0.1042 0.6197 0.7376 -0.268 0.4356 0.2346
0.207 0.3349 0 0.525 0.8511 -0 0.5 0.1762
0.1974 0.1991 -0.2764 0.5027 0.506 -0.7009 0.3487 0.3312
0.1088 0.1761 -0.3349 0.2764 0.4472 -0.8507 0.3 0.3524
0.0898 0.2656 -0.2764 0.2285 0.6732 -0.7032 0.3 0.2643
0.1743 0.2915 -0.1991 0.4464 0.7376 -0.5066 0.3644 0.2346
0.1974 0.1991 -0.2764 0.5027 0.506 -0.7009 0.3487 0.3312
0.0898 0.2656 -0.2764 0.2285 0.6732 -0.7032 0.3 0.2643
0.2709 0.207 -0.1969 0.6882 0.5257 -0.5 0.4 0.3238
0.1974 0.1991 -0.2764 0.5027 0.506 -0.7009 0.3487 0.3312
0.1743 0.2915 -0.1991 0.4464 0.7376 -0.5066 0.3644 0.2346
0.2433 0.2915 -0.1042 0.6197 0.7376 -0.268 0.4356 0.2346
0.2709 0.207 -0.1969 0.6882 0.5257 -0.5 0.4 0.3238
0.1743 0.2915 -0.1991 0.4464 0.7376 -0.5066 0.3644 0.2346
0.3239 0.1991 -0.1023 0.8219 0.506 -0.2615 0.4513 0.3312
0.2709 0.207 -0.1969 0.6882 0.5257 -0.5 0.4 0.3238
0.2433 0.2915 -0.1042 0.6197 0.7376 -0.268 0.4356 0.2346
0.2906 0.2656 0 0.7394 0.6732 0 0.5 0.2643
0.3239 0.1991 -0.1023 0.8219 0.506 -0.2615 0.4513 0.3312
0.2433 0.2915 -0.1042 0.6197 0.7376 -0.268 0.4356 0.2346
0.3521 0.1761 0 0.8944 0.4472 0 0.5 0.3524
0.3239 0.1991 -0.1023 0.8219 0.506 -0.2615 0.4513 0.3312
0.2906 0.2656 0 0.7394 0.6732 0 0.5 0.2643
0.3777 0.0915 0.0632 0.9584 0.2353 0.1615 0.5264 0.4253
0.3777 0.0915 -0.0632 0.9584 0.2353 -0.1615 0.4736 0.4253
0.3521 0.1761 0 0.8944 0.4472 0 0.5 0.3524
0.3937 0 0 1 -0.0027 0 0.5 0.5
0.3744 0 -0.1217 0.9511 -0 -0.309 0.45 0.5
0.3777 0.0915 -0.0632 0.9584 0.2353 -0.1615 0.4736 0.4253
0.3777 0.0915 0.0632 0.9584 0.2353 0.1615 0.5264 0.4253
0.3937 0 0 1 -0.0027 0 0.5 0.5
0.3777 0.0915 -0.0632 0.9584 0.2353 -0.1615 0.4736 0.4253
0.3744 0 0.1217 0.9511 -0 0.309 0.55 0.5
0.3937 0 0 1 -0.0027 0 0.5 0.5
0.3777 0.0915 0.0632 0.9584 0.2353 0.1615 0.5264 0.4253
0.3761 -0.1004 -0.0587 0.9544 -0.2595 -0.1474 0.4754 0.5821
0.3427 -0.0915 -0.1708 0.8703 -0.2353 -0.4327 0.4264 0.5747
0.3744 0 -0.1217 0.9511 -0 -0.309 0.45 0.5
0.3937 0 0 1 -0.0027 0 0.5 0.5
0.3761 -0.1004 -0.0587 0.9544 -0.2595 -0.1474 0.4754 0.5821
0.3744 0 -0.1217 0.9511 -0 -0.309 0.45 0.5
0.3761 -0.1004 0.0587 0.9544 -0.2595 0.1474 0.5246 0.5821
0.3761 -0.1004 -0.0587 0.9544 -0.2595 -0.1474 0.4754 0.5821
0.3937 0 0 1 -0.0027 0 0.5 0.5
0.3744 0 0.1217 0.9511 -0 0.309 0.55 0.5
0.3761 -0.1004 0.0587 0.9544 -0.2595 0.1474 0.5246 0.5821
0.3937 0 0 1 -0.0027 0 0.5 0.5
0.3427 -0.0915 0.1708 0.8703 -0.2353 0.4327 0.5736 0.5747
0.3761 -0.1004 0.0587 0.9544 -0.2595 0.1474 0.5246 0.5821
0.3744 0 0.1217 0.9511 -0 0.309 0.55 0.5
0.3222 -0.1991 -0.1076 0.8187 -0.506 -0.2715 0.4487 0.6688
0.2849 -0.1761 -0.207 0.7236 -0.4472 -0.5257 0.4 0.6476
0.3427 -0.0915 -0.1708 0.8703 -0.2353 -0.4327 0.4264 0.5747
0.3761 -0.1004 -0.0587 0.9544 -0.2595 -0.1474 0.4754 0.5821
0.3222 -0.1991 -0.1076 0.8187 -0.506 -0.2715 0.4487 0.6688
0.3427 -0.0915 -0.1708 0.8703 -0.2353 -0.4327 0.4264 0.5747
0.3349 -0.207 0 0.8507 -0.5257 0 0.5 0.6762
0.3222 -0.1991 -0.1076 0.8187 -0.506 -0.2715 0.4487 0.6688
0.3761 -0.1004 -0.0587 0.9544 -0.2595 -0.1474 0.4754 0.5821
0.3761 -0.1004 0.0587 0.9544 -0.2595 0.1474 0.5246 0.5821
0.3349 -0.207 0 0.8507 -0.5257 0 0.5 0.6762
0.3761 -0.1004 -0.0587 0.9544 -0.2595 -0.1474 0.4754 0.5821
0.3222 -0.1991 0.1076 0.8187 -0.506 0.2715 0.5513 0.6688
0.3349 -0.207 0 0.8507 -0.5257 0 0.5 0.6762
0.3761 -0.1004 0.0587 0.9544 -0.2595 0.1474 0.5246 0.5821
0.3427 -0.0915 0.1708 0.8703 -0.2353 0.4327 0.5736 0.5747
0.3222 -0.1991 0.1076 0.8187 -0.506 0.2715 0.5513 0.6688
0.3761 -0.1004 0.0587 0.9544 -0.2595 0.1474 0.5246 0.5821
0.2849 -0.1761 0.207 0.7236 -0.4472 0.5257 0.6 0.6476
0.3222 -0.1991 0.1076 0.8187 -0.506 0.2715 0.5513 0.6688
0.3427 -0.0915 0.1708 0.8703 -0.2353 0.4327 0.5736 0.5747
0.0566 0.0915 0.3787 0.1426 0.2353 0.9614 0.7264 0.4253
0.1768 0.0915 0.3396 0.4497 0.2353 0.8616 0.6736 0.4253
0.1088 0.1761 0.3349 0.2764 0.4472 0.8507 0.7 0.3524
0.1217 0 0.3744 0.309 -0.0027 0.9511 0.7 0.5
0.2314 0 0.3185 0.5878 -0 0.809 0.65 0.5
0.1768 0.0915 0.3396 0.4497 0.2353 0.8616 0.6736 0.4253
0.0566 0.0915 0.3787 0.1426 0.2353 0.9614 0.7264 0.4253
0.1217 0 0.3744 0.309 -0.0027 0.9511 0.7 0.5
0.1768 0.0915 0.3396 0.4497 0.2353 0.8616 0.6736 0.4253
-0 0 0.3937 0 0 1 0.75 0.5
0.1217 0 0.3744 0.309 -0.0027 0.9511 0.7 0.5
0.0566 0.0915 0.3787 0.1426 0.2353 0.9614 0.7264 0.4253
0.172 -0.1004 0.3396 0.4351 -0.2595 0.8622 0.6754 0.5821
0.2684 -0.0915 0.2731 0.6805 -0.2353 0.694 0.6264 0.5747
0.2314 0 0.3185 0.5878 -0 0.809 0.65 0.5
0.1217 0 0.3744 0.309 -0.0027 0.9511 0.7 0.5
0.172 -0.1004 0.3396 0.4351 -0.2595 0.8622 0.6754 0.5821
0.2314 0 0.3185 0.5878 -0 0.809 0.65 0.5
0.0604 -0.1004 0.3758 0.1547 -0.2595 0.9533 0.7246 0.5821
0.172 -0.1004 0.3396 0.4351 -0.2595 0.8622 0.6754 0.5821
0.1217 0 0.3744 0.309 -0.0027 0.9511 0.7 0.5
-0 0 0.3937 0 0 1 0.75 0.5
0.0604 -0.1004 0.3758 0.1547 -0.2595 0.9533 0.7246 0.5821
0.1217 0 0.3744 0.309 -0.0027 0.9511 0.7 0.5
-0.0566 -0.0915 0.3787 -0.1426 -0.2353 0.9614 0.7736 0.5747
0.0604 -0.1004 0.3758 0.1547 -0.2595 0.9533 0.7246 0.5821
-0 0 0.3937 0 0 1 0.75 0.5
0.2019 -0.1991 0.2731 0.5112 -0.506 0.6947 0.6487 0.6688
0.2849 -0.1761 0.207 0.7236 -0.4472 0.5257 0.6 0.6476
0.2684 -0.0915 0.2731 0.6805 -0.2353 0.694 0.6264 0.5747
0.172 -0.1004 0.3396 0.4351 -0.2595 0.8622 0.6754 0.5821
0.2019 -0.1991 0.2731 0.5112 -0.506 0.6947 0.6487 0.6688
0.2684 -0.0915 0.2731 0.6805 -0.2353 0.694 0.6264 0.5747
0.1035 -0.207 0.3185 0.2629 -0.5257 0.809 0.7 0.6762
0.2019 -0.1991 0.2731 0.5112 -0.506 0.6947 0.6487 0.6688
0.172 -0.1004 0.3396 0.4351 -0.2595 0.8622 0.6754 0.5821
0.0604 -0.1004 0.3758 0.1547 -0.2595 0.9533 0.7246 0.5821
0.1035 -0.207 0.3185 0.2629 -0.5257 0.809 0.7 0.6762
0.172 -0.1004 0.3396 0.4351 -0.2595 0.8622 0.6754 0.5821
-0.0028 -0.1991 0.3396 -0.0053 -0.506 0.8625 0.7513 0.6688
0.1035 -0.207 0.3185 0.2629 -0.5257 0.809 0.7 0.6762
0.0604 -0.1004 0.3758 0.1547 -0.2595 0.9533 0.7246 0.5821
-0.0566 -0.0915 0.3787 -0.1426 -0.2353 0.9614 0.7736 0.5747
-0.0028 -0.1991 0.3396 -0.0053 -0.506 0.8625 0.7513 0.6688
0.0604 -0.1004 0.3758 0.1547 -0.2595 0.9533 0.7246 0.5821
-0.1088 -0.1761 0.3349 -0.2764 -0.4472 0.8507 0.8 0.6476
-0.0028 -0.1991 0.3396 -0.0053 -0.506 0.8625 0.7513 0.6688
-0.0566 -0.0915 0.3787 -0.1426 -0.2353 0.9614 0.7736 0.5747
-0.3427 0.0915 0.1708 -0.8703 0.2353 0.4327 0.9264 0.4253
-0.2684 0.0915 0.2731 -0.6805 0.2353 0.694 0.8736 0.4253
-0.2849 0.1761 0.207 -0.7236 0.4472 0.5257 0.9 0.3524
-0.3185 0 0.2314 -0.809 -0.0027 0.5878 0.9 0.5
-0.2314 0 0.3185 -0.5878 0 0.809 0.85 0.5
-0.2684 0.0915 0.2731 -0.6805 0.2353 0.694 0.8736 0.4253
-0.3427 0.0915 0.1708 -0.8703 0.2353 0.4327 0.9264 0.4253
-0.3185 0 0.2314 -0.809 -0.0027 0.5878 0.9 0.5
-0.2684 0.0915 0.2731 -0.6805 0.2353 0.694 0.8736 0.4253
-0.3744 0 0.1217 -0.9511 -0 0.309 0.95 0.5
-0.3185 0 0.2314 -0.809 -0.0027 0.5878 0.9 0.5
-0.3427 0.0915 0.1708 -0.8703 0.2353 0.4327 0.9264 0.4253
-0.2698 -0.1004 0.2686 -0.6855 -0.2595 0.6803 0.8754 0.5821
-0.1768 -0.0915 0.3396 -0.4497 -0.2353 0.8616 0.8264 0.5747
-0.2314 0 0.3185 -0.5878 0 0.809 0.85 0.5
-0.3185 0 0.2314 -0.809 -0.0027 0.5878 0.9 0.5
-0.2698 -0.1004 0.2686 -0.6855 -0.2595 0.6803 0.8754 0.5821
-0.2314 0 0.3185 -0.5878 0 0.809 0.85 0.5
-0.3388 -0.1004 0.1736 -0.8588 -0.2595 0.4417 0.9246 0.5821
-0.2698 -0.1004 0.2686 -0.6855 -0.2595 0.6803 0.8754 0.5821
-0.3185 0 0.2314 -0.809 -0.0027 0.5878 0.9 0.5
-0.3744 0 0.1217 -0.9511 -0 0.309 0.95 0.5
-0.3388 -0.1004 0.1736 -0.8588 -0.2595 0.4417 0.9246 0.5821
-0.3185 0 0.2314 -0.809 -0.0027 0.5878 0.9 0.5
-0.3777 -0.0915 0.0632 -0.9584 -0.2353 0.1615 0.9736 0.5747
-0.3388 -0.1004 0.1736 -0.8588 -0.2595 0.4417 0.9246 0.5821
-0.3744 0 0.1217 -0.9511 -0 0.309 0.95 0.5
-0.1974 -0.1991 0.2764 -0.5027 -0.506 0.7009 0.8487 0.6688
-0.1088 -0.1761 0.3349 -0.2764 -0.4472 0.8507 0.8 0.6476
-0.1768 -0.0915 0.3396 -0.4497 -0.2353 0.8616 0.8264 0.5747
-0.2698 -0.1004 0.2686 -0.6855 -0.2595 0.6803 0.8754 0.5821
-0.1974 -0.1991 0.2764 -0.5027 -0.506 0.7009 0.8487 0.6688
-0.1768 -0.0915 0.3396 -0.4497 -0.2353 0.8616 0.8264 0.5747
-0.2709 -0.207 0.1969 -0.6882 -0.5257 0.5 0.9 0.6762
-0.1974 -0.1991 0.2764 -0.5027 -0.506 0.7009 0.8487 0.6688
-0.2698 -0.1004 0.2686 -0.6855 -0.2595 0.6803 0.8754 0.5821
-0.3388 -0.1004 0.1736 -0.8588 -0.2595 0.4417 0.9246 0.5821
-0.2709 -0.207 0.1969 -0.6882 -0.5257 0.5 0.9 0.6762
-0.2698 -0.1004 0.2686 -0.6855 -0.2595 0.6803 0.8754 0.5821
-0.3239 -0.1991 0.1023 -0.8219 -0.506 0.2615 0.9513 0.6688
-0.2709 -0.207 0.1969 -0.6882 -0.5257 0.5 0.9 0.6762
-0.3388 -0.1004 0.1736 -0.8588 -0.2595 0.4417 0.9246 0.5821
-0.3777 -0.0915 0.0632 -0.9584 -0.2353 0.1615 0.9736 0.5747
-0.3239 -0.1991 0.1023 -0.8219 -0.506 0.2615 0.9513 0.6688
-0.3388 -0.1004 0.1736 -0.8588 -0.2595 0.4417 0.9246 0.5821
-0.3521 -0.1761 -0 -0.8944 -0.4472 0 0 0.6476
-0.3239 -0.1991 0.1023 -0.8219 -0.506 0.2615 -0.0487 0.6688
-0.3777 -0.0915 0.0632 -0.9584 -0.2353 0.1615 -0.0264 0.5747
-0.2684 0.0915 -0.2731 -0.6805 0.2353 -0.694 0.1264 0.4253
-0.3427 0.0915 -0.1708 -0.8703 0.2353 -0.4327 0.0736 0.4253
-0.2849 0.1761 -0.207 -0.7236 0.4472 -0.5257 0.1 0.3524
-0.3185 0 -0.2314 -0.809 -0.0027 -0.5878 0.1 0.5
-0.3744 0 -0.1217 -0.9511 0 -0.309 0.05 0.5
-0.3427 0.0915 -0.1708 -0.8703 0.2353 -0.4327 0.0736 0.4253
-0.2684 0.0915 -0.2731 -0.6805 0.2353 -0.694 0.1264 0.4253
-0.3185 0 -0.2314 -0.809 -0.0027 -0.5878 0.1 0.5
-0.3427 0.0915 -0.1708 -0.8703 0.2353 -0.4327 0.0736 0.4253
-0.2314 0 -0.3185 -0.5878 0 -0.809 0.15 0.5
-0.3185 0 -0.2314 -0.809 -0.0027 -0.5878 0.1 0.5
-0.2684 0.0915 -0.2731 -0.6805 0.2353 -0.694 0.1264 0.4253
-0.3388 -0.1004 -0.1736 -0.8588 -0.2595 -0.4417 0.0754 0.5821
-0.3777 -0.0915 -0.0632 -0.9584 -0.2353 -0.1615 0.0264 0.5747
-0.3744 0 -0.1217 -0.9511 0 -0.309 0.05 0.5
-0.3185 0 -0.2314 -0.809 -0.0027 -0.5878 0.1 0.5
-0.3388 -0.1004 -0.1736 -0.8588 -0.2595 -0.4417 0.0754 0.5821
-0.3744 0 -0.1217 -0.9511 0 -0.309 0.05 0.5
-0.2698 -0.1004 -0.2686 -0.6855 -0.2595 -0.6803 0.1246 0.5821
-0.3388 -0.1004 -0.1736 -0.8588 -0.2595 -0.4417 0.0754 0.5821
-0.3185 0 -0.2314 -0.809 -0.0027 -0.5878 0.1 0.5
-0.2314 0 -0.3185 -0.5878 0 -0.809 0.15 0.5
-0.2698 -0.1004 -0.2686 -0.6855 -0.2595 -0.6803 0.1246 0.5821
-0.3185 0 -0.2314 -0.809 -0.0027 -0.5878 0.1 0.5
-0.1768 -0.0915 -0.3396 -0.4497 -0.2353 -0.8616 0.1736 0.5747
-0.2698 -0.1004 -0.2686 -0.6855 -0.2595 -0.6803 0.1246 0.5821
-0.2314 0 -0.3185 -0.5878 0 -0.809 0.15 0.5
-0.3239 -0.1991 -0.1023 -0.8219 -0.506 -0.2615 0.0487 0.6688
-0.3521 -0.1761 -0 -0.8944 -0.4472 0 0 0.6476
-0.3777 -0.0915 -0.0632 -0.9584 -0.2353 -0.1615 0.0264 0.5747
-0.3388 -0.1004 -0.1736 -0.8588 -0.2595 -0.4417 0.0754 0.5821
-0.3239 -0.1991 -0.1023 -0.8219 -0.506 -0.2615 0.0487 0.6688
-0.3777 -0.0915 -0.0632 -0.9584 -0.2353 -0.1615 0.0264 0.5747
-0.2709 -0.207 -0.1969 -0.6882 -0.5257 -0.5 0.1 0.6762
-0.3239 -0.1991 -0.1023 -0.8219 -0.506 -0.2615 0.0487 0.6688
-0.3388 -0.1004 -0.1736 -0.8588 -0.2595 -0.4417 0.0754 0.5821
-0.2698 -0.1004 -0.2686 -0.6855 -0.2595 -0.6803 0.1246 0.5821
-0.2709 -0.207 -0.1969 -0.6882 -0.5257 -0.5 0.1 0.6762
-0.3388 -0.1004 -0.1736 -0.8588 -0.2595 -0.4417 0.0754 0.5821
-0.1974 -0.1991 -0.2764 -0.5027 -0.506 -0.7009 0.1513 0.6688
-0.2709 -0.207 -0.1969 -0.6882 -0.5257 -0.5 0.1 0.6762
-0.2698 -0.1004 -0.2686 -0.6855 -0.2595 -0.6803 0.1246 0.5821
-0.1768 -0.0915 -0.3396 -0.4497 -0.2353 -0.8616 0.1736 0.5747
-0.1974 -0.1991 -0.2764 -0.5027 -0.506 -0.7009 0.1513 0.6688
-0.2698 -0.1004 -0.2686 -0.6855 -0.2595 -0.6803 0.1246 0.5821
-0.1088 -0.1761 -0.3349 -0.2764 -0.4472 -0.8507 0.2 0.6476
-0.1974 -0.1991 -0.2764 -0.5027 -0.506 -0.7009 0.1513 0.6688
-0.1768 -0.0915 -0.3396 -0.4497 -0.2353 -0.8616 0.1736 0.5747
0.1768 0.0915 -0.3396 0.4497 0.2353 -0.8616 0.3264 0.4253
0.0566 0.0915 -0.3787 0.1426 0.2353 -0.9614 0.2736 0.4253
0.1088 0.1761 -0.3349 0.2764 0.4472 -0.8507 0.3 0.3524
0.1217 0 -0.3744 0.309 -0.0027 -0.9511 0.3 0.5
0 0 -0.3937 0 -0 -1 0.25 0.5
0.0566 0.0915 -0.3787 0.1426 0.2353 -0.9614 0.2736 0.4253
0.1768 0.0915 -0.3396 0.4497 0.2353 -0.8616 0.3264 0.4253
0.1217 0 -0.3744 0.309 -0.0027 -0.9511 0.3 0.5
0.0566 0.0915 -0.3787 0.1426 0.2353 -0.9614 0.2736 0.4253
0.2314 0 -0.3185 0.5878 -0 -0.809 0.35 0.5
0.1217 0 -0.3744 0.309 -0.0027 -0.9511 0.3 0.5
0.1768 0.0915 -0.3396 0.4497 0.2353 -0.8616 0.3264 0.4253
0.0604 -0.1004 -0.3758 0.1547 -0.2595 -0.9533 0.2754 0.5821
-0.0566 -0.0915 -0.3787 -0.1426 -0.2353 -0.9614 0.2264 0.5747
0 0 -0.3937 0 -0 -1 0.25 0.5
0.1217 0 -0.3744 0.309 -0.0027 -0.9511 0.3 0.5
0.0604 -0.1004 -0.3758 0.1547 -0.2595 -0.9533 0.2754 0.5821
0 0 -0.3937 0 -0 -1 0.25 0.5
0.172 -0.1004 -0.3396 0.4351 -0.2595 -0.8622 0.3246 0.5821
0.0604 -0.1004 -0.3758 0.1547 -0.2595 -0.9533 0.2754 0.5821
0.1217 0 -0.3744 0.309 -0.0027 -0.9511 0.3 0.5
0.2314 0 -0.3185 0.5878 -0 -0.809 0.35 0.5
0.172 -0.1004 -0.3396 0.4351 -0.2595 -0.8622 0.3246 0.5821
0.1217 0 -0.3744 0.309 -0.0027 -0.9511 0.3 0.5
0.2684 -0.0915 -0.2731 0.6805 -0.2353 -0.694 0.3736 0.5747
0.172 -0.1004 -0.3396 0.4351 -0.2595 -0.8622 0.3246 0.5821
0.2314 0 -0.3185 0.5878 -0 -0.809 0.35 0.5
-0.0028 -0.1991 -0.3396 -0.0053 -0.506 -0.8625 0.2487 0.6688
-0.1088 -0.1761 -0.3349 -0.2764 -0.4472 -0.8507 0.2 0.6476
-0.0566 -0.0915 -0.3787 -0.1426 -0.2353 -0.9614 0.2264 0.5747
0.0604 -0.1004 -0.3758 0.1547 -0.2595 -0.9533 0.2754 0.5821
-0.0028 -0.1991 -0.3396 -0.0053 -0.506 -0.8625 0.2487 0.6688
-0.0566 -0.0915 -0.3787 -0.1426 -0.2353 -0.9614 0.2264 0.5747
0.1035 -0.207 -0.3185 0.2629 -0.5257 -0.809 0.3 0.6762
-0.0028 -0.1991 -0.3396 -0.0053 -0.506 -0.8625 0.2487 0.6688
0.0604 -0.1004 -0.3758 0.1547 -0.2595 -0.9533 0.2754 0.5821
0.172 -0.1004 -0.3396 0.4351 -0.2595 -0.8622 0.3246 0.5821
0.1035 -0.207 -0.3185 0.2629 -0.5257 -0.809 0.3 0.6762
0.0604 -0.1004 -0.3758 0.1547 -0.2595 -0.9533 0.2754 0.5821
0.2019 -0.1991 -0.2731 0.5112 -0.506 -0.6947 0.3513 0.6688
0.1035 -0.207 -0.3185 0.2629 -0.5257 -0.809 0.3 0.6762
0.172 -0.1004 -0.3396 0.4351 -0.2595 -0.8622 0.3246 0.5821
0.2684 -0.0915 -0.2731 0.6805 -0.2353 -0.694 0.3736 0.5747
0.2019 -0.1991 -0.2731 0.5112 -0.506 -0.6947 0.3513 0.6688
0.172 -0.1004 -0.3396 0.4351 -0.2595 -0.8622 0.3246 0.5821
0.2849 -0.1761 -0.207 0.7236 -0.4472 -0.5257 0.4 0.6476
0.2019 -0.1991 -0.2731 0.5112 -0.506 -0.6947 0.3513 0.6688
0.2684 -0.0915 -0.2731 0.6805 -0.2353 -0.694 0.3736 0.5747
0.3427 -0.0915 0.1708 0.8703 -0.2353 0.4327 0.5736 0.5747
0.2684 -0.0915 0.2731 0.6805 -0.2353 0.694 0.6264 0.5747
0.2849 -0.1761 0.207 0.7236 -0.4472 0.5257 0.6 0.6476
0.3185 0 0.2314 0.809 0.0027 0.5878 0.6 0.5
0.2314 0 0.3185 0.5878 -0 0.809 0.65 0.5
0.2684 -0.0915 0.2731 0.6805 -0.2353 0.694 0.6264 0.5747
0.3427 -0.0915 0.1708 0.8703 -0.2353 0.4327 0.5736 0.5747
0.3185 0 0.2314 0.809 0.0027 0.5878 0.6 0.5
0.2684 -0.0915 0.2731 0.6805 -0.2353 0.694 0.6264 0.5747
0.3744 0 0.1217 0.9511 -0 0.309 0.55 0.5
0.3185 0 0.2314 0.809 0.0027 0.5878 0.6 0.5
0.3427 -0.0915 0.1708 0.8703 -0.2353 0.4327 0.5736 0.5747
0.2698 0.1004 0.2686 0.6855 0.2595 0.6803 0.6246 0.4179
0.1768 0.0915 0.3396 0.4497 0.2353 0.8616 0.6736 0.4253
0.2314 0 0.3185 0.5878 -0 0.809 0.65 0.5
0.3185 0 0.2314 0.809 0.0027 0.5878 0.6 0.5
0.2698 0.1004 0.2686 0.6855 0.2595 0.6803 0.6246 0.4179
0.2314 0 0.3185 0.5878 -0 0.809 0.65 0.5
0.3388 0.1004 0.1736 0.8588 0.2595 0.4417 0.5754 0.4179
0.2698 0.1004 0.2686 0.6855 0.2595 0.6803 0.6246 0.4179
0.3185 0 0.2314 0.809 0.0027 0.5878 0.6 0.5
0.3744 0 0.1217 0.9511 -0 0.309 0.55 0.5
0.3388 0.1004 0.1736 0.8588 0.2595 0.4417 0.5754 0.4179
0.3185 0 0.2314 0.809 0.0027 0.5878 0.6 0.5
0.3777 0.0915 0.0632 0.9584 0.2353 0.1615 0.5264 0.4253
0.3388 0.1004 0.1736 0.8588 0.2595 0.4417 0.5754 0.4179
0.3744 0 0.1217 0.9511 -0 0.309 0.55 0.5
0.1974 0.1991 0.2764 0.5027 0.506 0.7009 0.6513 0.3312
0.1088 0.1761 0.3349 0.2764 0.4472 0.8507 0.7 0.3524
0.1768 0.0915 0.3396 0.4497 0.2353 0.8616 0.6736 0.4253
0.2698 0.1004 0.2686 0.6855 0.2595 0.6803 0.6246 0.4179
0.1974 0.1991 0.2764 0.5027 0.506 0.7009 0.6513 0.3312
0.1768 0.0915 0.3396 0.4497 0.2353 0.8616 0.6736 0.4253
0.2709 0.207 0.1969 0.6882 0.5257 0.5 0.6 0.3238
0.1974 0.1991 0.2764 0.5027 0.506 0.7009 0.6513 0.3312
0.2698 0.1004 0.2686 0.6855 0.2595 0.6803 0.6246 0.4179
0.3388 0.1004 0.1736 0.8588 0.2595 0.4417 0.5754 0.4179
0.2709 0.207 0.1969 0.6882 0.5257 0.5 0.6 0.3238
0.2698 0.1004 0.2686 0.6855 0.2595 0.6803 0.6246 0.4179
0.3239 0.1991 0.1023 0.8219 0.506 0.2615 0.5487 0.3312
0.2709 0.207 0.1969 0.6882 0.5257 0.5 0.6 0.3238
0.3388 0.1004 0.1736 0.8588 0.2595 0.4417 0.5754 0.4179
0.3777 0.0915 0.0632 0.9584 0.2353 0.1615 0.5264 0.4253
0.3239 0.1991 0.1023 0.8219 0.506 0.2615 0.5487 0.3312
0.3388 0.1004 0.1736 0.8588 0.2595 0.4417 0.5754 0.4179
0.3521 0.1761 0 0.8944 0.4472 0 0.5 0.3524
0.3239 0.1991 0.1023 0.8219 0.506 0.2615 0.5487 0.3312
0.3777 0.0915 0.0632 0.9584 0.2353 0.1615 0.5264 0.4253
-0.0566 -0.0915 0.3787 -0.1426 -0.2353 0.9614 0.7736 0.5747
-0.1768 -0.0915 0.3396 -0.4497 -0.2353 0.8616 0.8264 0.5747
-0.1088 -0.1761 0.3349 -0.2764 -0.4472 0.8507 0.8 0.6476
-0.1217 0 0.3744 -0.309 0.0027 0.9511 0.8 0.5
-0.2314 0 0.3185 -0.5878 0 0.809 0.85 0.5
-0.1768 -0.0915 0.3396 -0.4497 -0.2353 0.8616 0.8264 0.5747
-0.0566 -0.0915 0.3787 -0.1426 -0.2353 0.9614 0.7736 0.5747
-0.1217 0 0.3744 -0.309 0.0027 0.9511 0.8 0.5
-0.1768 -0.0915 0.3396 -0.4497 -0.2353 0.8616 0.8264 0.5747
-0 0 0.3937 0 0 1 0.75 0.5
-0.1217 0 0.3744 -0.309 0.0027 0.9511 0.8 0.5
-0.0566 -0.0915 0.3787 -0.1426 -0.2353 0.9614 0.7736 0.5747
-0.172 0.1004 0.3396 -0.4351 0.2595 0.8622 0.8246 0.4179
-0.2684 0.0915 0.2731 -0.6805 0.2353 0.694 0.8736 0.4253
-0.2314 0 0.3185 -0.5878 0 0.809 0.85 0.5
-0.1217 0 0.3744 -0.309 0.0027 0.9511 0.8 0.5
-0.172 0.1004 0.3396 -0.4351 0.2595 0.8622 0.8246 0.4179
-0.2314 0 0.3185 -0.5878 0 0.809 0.85 0.5
-0.0604 0.1004 0.3758 -0.1547 0.2595 0.9533 0.7754 0.4179
-0.172 0.1004 0.3396 -0.4351 0.2595 0.8622 0.8246 0.4179
-0.1217 0 0.3744 -0.309 0.0027 0.9511 0.8 0.5
-0 0 0.3937 0 0 1 0.75 0.5
-0.0604 0.1004 0.3758 -0.1547 0.2595 0.9533 0.7754 0.4179
-0.1217 0 0.3744 -0.309 0.0027 0.9511 0.8 0.5
0.0566 0.0915 0.3787 0.1426 0.2353 0.9614 0.7264 0.4253
-0.0604 0.1004 0.3758 -0.1547 0.2595 0.9533 0.7754 0.4179
-0 0 0.3937 0 0 1 0.75 0.5
-0.2019 0.1991 0.2731 -0.5112 0.506 0.6947 0.8513 0.3312
-0.2849 0.1761 0.207 -0.7236 0.4472 0.5257 0.9 0.3524
-0.2684 0.0915 0.2731 -0.6805 0.2353 0.694 0.8736 0.4253
-0.172 0.1004 0.3396 -0.4351 0.2595 0.8622 0.8246 0.4179
-0.2019 0.1991 0.2731 -0.5112 0.506 0.6947 0.8513 0.3312
-0.2684 0.0915 0.2731 -0.6805 0.2353 0.694 0.8736 0.4253
-0.1035 0.207 0.3185 -0.2629 0.5257 0.809 0.8 0.3238
-0.2019 0.1991 0.2731 -0.5112 0.506 0.6947 0.8513 0.3312
-0.172 0.1004 0.3396 -0.4351 0.2595 0.8622 0.8246 0.4179
-0.0604 0.1004 0.3758 -0.1547 0.2595 0.9533 0.7754 0.4179
-0.1035 0.207 0.3185 -0.2629 0.5257 0.809 0.8 0.3238
-0.172 0.1004 0.3396 -0.4351 0.2595 0.8622 0.8246 0.4179
0.0028 0.1991 0.3396 0.0053 0.506 0.8625 0.7487 0.3312
-0.1035 0.207 0.3185 -0.2629 0.5257 0.809 0.8 0.3238
-0.0604 0.1004 0.3758 -0.1547 0.2595 0.9533 0.7754 0.4179
0.0566 0.0915 0.3787 0.1426 0.2353 0.9614 0.7264 0.4253
0.0028 0.1991 0.3396 0.0053 0.506 0.8625 0.7487 0.3312
-0.0604 0.1004 0.3758 -0.1547 0.2595 0.9533 0.7754 0.4179
0.1088 0.1761 0.3349 0.2764 0.4472 0.8507 0.7 0.3524
0.0028 0.1991 0.3396 0.0053 0.506 0.8625 0.7487 0.3312
0.0566 0.0915 0.3787 0.1426 0.2353 0.9614 0.7264 0.4253
-0.3777 -0.0915 0.0632 -0.9584 -0.2353 0.1615 -0.0264 0.5747
-0.3777 -0.0915 -0.0632 -0.9584 -0.2353 -0.1615 0.0264 0.5747
-0.3521 -0.1761 -0 -0.8944 -0.4472 0 0 0.6476
-0.3937 0 -0 -1 0.0027 0 0 0.5
-0.3744 0 -0.1217 -0.9511 0 -0.309 0.05 0.5
-0.3777 -0.0915 -0.0632 -0.9584 -0.2353 -0.1615 0.0264 0.5747
-0.3777 -0.0915 0.0632 -0.9584 -0.2353 0.1615 -0.0264 0.5747
-0.3937 0 -0 -1 0.0027 0 0 0.5
-0.3777 -0.0915 -0.0632 -0.9584 -0.2353 -0.1615 0.0264 0.5747
-0.3744 0 0.1217 -0.9511 -0 0.309 -0.05 0.5
-0.3937 0 -0 -1 0.0027 0 0 0.5
-0.3777 -0.0915 0.0632 -0.9584 -0.2353 0.1615 -0.0264 0.5747
-0.3761 0.1004 -0.0587 -0.9544 0.2595 -0.1474 0.0246 0.4179
-0.3427 0.0915 -0.1708 -0.8703 0.2353 -0.4327 0.0736 0.4253
-0.3744 0 -0.1217 -0.9511 0 -0.309 0.05 0.5
-0.3937 0 -0 -1 0.0027 0 0 0.5
-0.3761 0.1004 -0.0587 -0.9544 0.2595 -0.1474 0.0246 0.4179
-0.3744 0 -0.1217 -0.9511 0 -0.309 0.05 0.5
-0.3761 0.1004 0.0587 -0.9544 0.2595 0.1474 -0.0246 0.4179
-0.3761 0.1004 -0.0587 -0.9544 0.2595 -0.1474 0.0246 0.4179
-0.3937 0 -0 -1 0.0027 0 0 0.5
-0.3744 0 0.1217 -0.9511 -0 0.309 -0.05 0.5
-0.3761 0.1004 0.0587 -0.9544 0.2595 0.1474 -0.0246 0.4179
-0.3937 0 -0 -1 0.0027 0 0 0.5
-0.3427 0.0915 0.1708 -0.8703 0.2353 0.4327 0.9264 0.4253
-0.3761 0.1004 0.0587 -0.9544 0.2595 0.1474 0.9754 0.4179
-0.3744 0 0.1217 -0.9511 -0 0.309 0.95 0.5
-0.3222 0.1991 -0.1076 -0.8187 0.506 -0.2715 0.0513 0.3312
-0.2849 0.1761 -0.207 -0.7236 0.4472 -0.5257 0.1 0.3524
-0.3427 0.0915 -0.1708 -0.8703 0.2353 -0.4327 0.0736 0.4253
-0.3761 0.1004 -0.0587 -0.9544 0.2595 -0.1474 0.0246 0.4179
-0.3222 0.1991 -0.1076 -0.8187 0.506 -0.2715 0.0513 0.3312
-0.3427 0.0915 -0.1708 -0.8703 0.2353 -0.4327 0.0736 0.4253
-0.3349 0.207 -0 -0.8507 0.5257 -0 0 0.3238
-0.3222 0.1991 -0.1076 -0.8187 0.506 -0.2715 0.0513 0.3312
-0.3761 0.1004 -0.0587 -0.9544 0.2595 -0.1474 0.0246 0.4179
-0.3761 0.1004 0.0587 -0.9544 0.2595 0.1474 -0.0246 0.4179
-0.3349 0.207 -0 -0.8507 0.5257 -0 0 0.3238
-0.3761 0.1004 -0.0587 -0.9544 0.2595 -0.1474 0.0246 0.4179
-0.3222 0.1991 0.1076 -0.8187 0.506 0.2715 -0.0513 0.3312
-0.3349 0.207 -0 -0.8507 0.5257 -0 0 0.3238
-0.3761 0.1004 0.0587 -0.9544 0.2595 0.1474 -0.0246 0.4179
-0.3427 0.0915 0.1708 -0.8703 0.2353 0.4327 0.9264 0.4253
-0.3222 0.1991 0.1076 -0.8187 0.506 0.2715 0.9487 0.3312
-0.3761 0.1004 0.0587 -0.9544 0.2595 0.1474 0.9754 0.4179
-0.2849 0.1761 0.207 -0.7236 0.4472 0.5257 0.9 0.3524
-0.3222 0.1991 0.1076 -0.8187 0.506 0.2715 0.9487 0.3312
-0.3427 0.0915 0.1708 -0.8703 0.2353 0.4327 0.9264 0.4253
-0.1768 -0.0915 -0.3396 -0.4497 -0.2353 -0.8616 0.1736 0.5747
-0.0566 -0.0915 -0.3787 -0.1426 -0.2353 -0.9614 0.2264 0.5747
-0.1088 -0.1761 -0.3349 -0.2764 -0.4472 -0.8507 0.2 0.6476
-0.1217 0 -0.3744 -0.309 0.0027 -0.9511 0.2 0.5
0 0 -0.3937 0 -0 -1 0.25 0.5
-0.0566 -0.0915 -0.3787 -0.1426 -0.2353 -0.9614 0.2264 0.5747
-0.1768 -0.0915 -0.3396 -0.4497 -0.2353 -0.8616 0.1736 0.5747
-0.1217 0 -0.3744 -0.309 0.0027 -0.9511 0.2 0.5
-0.0566 -0.0915 -0.3787 -0.1426 -0.2353 -0.9614 0.2264 0.5747
-0.2314 0 -0.3185 -0.5878 0 -0.809 0.15 0.5
-0.1217 0 -0.3744 -0.309 0.0027 -0.9511 0.2 0.5
-0.1768 -0.0915 -0.3396 -0.4497 -0.2353 -0.8616 0.1736 0.5747
-0.0604 0.1004 -0.3758 -0.1547 0.2595 -0.9533 0.2246 0.4179
0.0566 0.0915 -0.3787 0.1426 0.2353 -0.9614 0.2736 0.4253
0 0 -0.3937 0 -0 -1 0.25 0.5
-0.1217 0 -0.3744 -0.309 0.0027 -0.9511 0.2 0.5
-0.0604 0.1004 -0.3758 -0.1547 0.2595 -0.9533 0.2246 0.4179
0 0 -0.3937 0 -0 -1 0.25 0.5
-0.172 0.1004 -0.3396 -0.4351 0.2595 -0.8622 0.1754 0.4179
-0.0604 0.1004 -0.3758 -0.1547 0.2595 -0.9533 0.2246 0.4179
-0.1217 0 -0.3744 -0.309 0.0027 -0.9511 0.2 0.5
-0.2314 0 -0.3185 -0.5878 0 -0.809 0.15 0.5
-0.172 0.1004 -0.3396 -0.4351 0.2595 -0.8622 0.1754 0.4179
-0.1217 0 -0.3744 -0.309 0.0027 -0.9511 0.2 0.5
-0.2684 0.0915 -0.2731 -0.6805 0.2353 -0.694 0.1264 0.4253
-0.172 0.1004 -0.3396 -0.4351 0.2595 -0.8622 0.1754 0.4179
-0.2314 0 -0.3185 -0.5878 0 -0.809 0.15 0.5
0.0028 0.1991 -0.3396 0.0053 0.506 -0.8625 0.2513 0.3312
0.1088 0.1761 -0.3349 0.2764 0.4472 -0.8507 0.3 0.3524
0.0566 0.0915 -0.3787 0.1426 0.2353 -0.9614 0.2736 0.4253
-0.0604 0.1004 -0.3758 -0.1547 0.2595 -0.9533 0.2246 0.4179
0.0028 0.1991 -0.3396 0.0053 0.506 -0.8625 0.2513 0.3312
0.0566 0.0915 -0.3787 0.1426 0.2353 -0.9614 0.2736 0.4253
-0.1035 0.207 -0.3185 -0.2629 0.5257 -0.809 0.2 0.3238
0.0028 0.1991 -0.3396 0.0053 0.506 -0.8625 0.2513 0.3312
-0.0604 0.1004 -0.3758 -0.1547 0.2595 -0.9533 0.2246 0.4179
-0.172 0.1004 -0.3396 -0.4351 0.2595 -0.8622 0.1754 0.4179
-0.1035 0.207 -0.3185 -0.2629 0.5257 -0.809 0.2 0.3238
-0.0604 0.1004 -0.3758 -0.1547 0.2595 -0.9533 0.2246 0.4179
-0.2019 0.1991 -0.2731 -0.5112 0.506 -0.6947 0.1487 0.3312
-0.1035 0.207 -0.3185 -0.2629 0.5257 -0.809 0.2 0.3238
-0.172 0.1004 -0.3396 -0.4351 0.2595 -0.8622 0.1754 0.4179
-0.2684 0.0915 -0.2731 -0.6805 0.2353 -0.694 0.1264 0.4253
-0.2019 0.1991 -0.2731 -0.5112 0.506 -0.6947 0.1487 0.3312
-0.172 0.1004 -0.3396 -0.4351 0.2595 -0.8622 0.1754 0.4179
-0.2849 0.1761 -0.207 -0.7236 0.4472 -0.5257 0.1 0.3524
-0.2019 0.1991 -0.2731 -0.5112 0.506 -0.6947 0.1487 0.3312
-0.2684 0.0915 -0.2731 -0.6805 0.2353 -0.694 0.1264 0.4253
0.2684 -0.0915 -0.2731 0.6805 -0.2353 -0.694 0.3736 0.5747
0.3427 -0.0915 -0.1708 0.8703 -0.2353 -0.4327 0.4264 0.5747
0.2849 -0.1761 -0.207 0.7236 -0.4472 -0.5257 0.4 0.6476
0.3185 0 -0.2314 0.809 0.0027 -0.5878 0.4 0.5
0.3744 0 -0.1217 0.9511 -0 -0.309 0.45 0.5
0.3427 -0.0915 -0.1708 0.8703 -0.2353 -0.4327 0.4264 0.5747
0.2684 -0.0915 -0.2731 0.6805 -0.2353 -0.694 0.3736 0.5747
0.3185 0 -0.2314 0.809 0.0027 -0.5878 0.4 0.5
0.3427 -0.0915 -0.1708 0.8703 -0.2353 -0.4327 0.4264 0.5747
0.2314 0 -0.3185 0.5878 -0 -0.809 0.35 0.5
0.3185 0 -0.2314 0.809 0.0027 -0.5878 0.4 0.5
0.2684 -0.0915 -0.2731 0.6805 -0.2353 -0.694 0.3736 0.5747
0.3388 0.1004 -0.1736 0.8588 0.2595 -0.4417 0.4246 0.4179
0.3777 0.0915 -0.0632 0.9584 0.2353 -0.1615 0.4736 0.4253
0.3744 0 -0.1217 0.9511 -0 -0.309 0.45 0.5
0.3185 0 -0.2314 0.809 0.0027 -0.5878 0.4 0.5
0.3388 0.1004 -0.1736 0.8588 0.2595 -0.4417 0.4246 0.4179
0.3744 0 -0.1217 0.9511 -0 -0.309 0.45 0.5
0.2698 0.1004 -0.2686 0.6855 0.2595 -0.6803 0.3754 0.4179
0.3388 0.1004 -0.1736 0.8588 0.2595 -0.4417 0.4246 0.4179
0.3185 0 -0.2314 0.809 0.0027 -0.5878 0.4 0.5
0.2314 0 -0.3185 0.5878 -0 -0.809 0.35 0.5
0.2698 0.1004 -0.2686 0.6855 0.2595 -0.6803 0.3754 0.4179
0.3185 0 -0.2314 0.809 0.0027 -0.5878 0.4 0.5
0.1768 0.0915 -0.3396 0.4497 0.2353 -0.8616 0.3264 0.4253
0.2698 0.1004 -0.2686 0.6855 0.2595 -0.6803 0.3754 0.4179
0.2314 0 -0.3185 0.5878 -0 -0.809 0.35 0.5
0.3239 0.1991 -0.1023 0.8219 0.506 -0.2615 0.4513 0.3312
0.3521 0.1761 0 0.8944 0.4472 0 0.5 0.3524
0.3777 0.0915 -0.0632 0.9584 0.2353 -0.1615 0.4736 0.4253
0.3388 0.1004 -0.1736 0.8588 0.2595 -0.4417 0.4246 0.4179
0.3239 0.1991 -0.1023 0.8219 0.506 -0.2615 0.4513 0.3312
0.3777 0.0915 -0.0632 0.9584 0.2353 -0.1615 0.4736 0.4253
0.2709 0.207 -0.1969 0.6882 0.5257 -0.5 0.4 0.3238
0.3239 0.1991 -0.1023 0.8219 0.506 -0.2615 0.4513 0.3312
0.3388 0.1004 -0.1736 0.8588 0.2595 -0.4417 0.4246 0.4179
0.2698 0.1004 -0.2686 0.6855 0.2595 -0.6803 0.3754 0.4179
0.2709 0.207 -0.1969 0.6882 0.5257 -0.5 0.4 0.3238
0.3388 0.1004 -0.1736 0.8588 0.2595 -0.4417 0.4246 0.4179
0.1974 0.1991 -0.2764 0.5027 0.506 -0.7009 0.3487 0.3312
0.2709 0.207 -0.1969 0.6882 0.5257 -0.5 0.4 0.3238
0.2698 0.1004 -0.2686 0.6855 0.2595 -0.6803 0.3754 0.4179
0.1768 0.0915 -0.3396 0.4497 0.2353 -0.8616 0.3264 0.4253
0.1974 0.1991 -0.2764 0.5027 0.506 -0.7009 0.3487 0.3312
0.2698 0.1004 -0.2686 0.6855 0.2595 -0.6803 0.3754 0.4179
0.1088 0.1761 -0.3349 0.2764 0.4472 -0.8507 0.3 0.3524
0.1974 0.1991 -0.2764 0.5027 0.506 -0.7009 0.3487 0.3312
0.1768 0.0915 -0.3396 0.4497 0.2353 -0.8616 0.3264 0.4253
0.087 -0.3787 0.0632 0.2195 -0.9625 0.1595 0.6 0.9119
-0.0332 -0.3787 0.1023 -0.0838 -0.9625 0.258 0.8 0.9119
0 -0.3937 0 -0 -1 -0 0.7 0.9999
0.0544 -0.3521 0.1675 0.139 -0.8932 0.4277 0.7 0.8524
-0.064 -0.3349 0.1969 -0.1622 -0.8511 0.4993 0.8 0.8238
-0.0332 -0.3787 0.1023 -0.0838 -0.9625 0.258 0.8 0.9119
0.087 -0.3787 0.0632 0.2195 -0.9625 0.1595 0.6 0.9119
0.0544 -0.3521 0.1675 0.139 -0.8932 0.4277 0.7 0.8524
-0.0332 -0.3787 0.1023 -0.0838 -0.9625 0.258 0.8 0.9119
0.1675 -0.3349 0.1217 0.4248 -0.8511 0.3086 0.6 0.8238
0.0544 -0.3521 0.1675 0.139 -0.8932 0.4277 0.7 0.8524
0.087 -0.3787 0.0632 0.2195 -0.9625 0.1595 0.6 0.9119
0.0239 -0.2915 0.2635 0.0634 -0.7376 0.6722 0.7356 0.7654
-0.0898 -0.2656 0.2764 -0.2285 -0.6732 0.7032 0.8 0.7357
-0.064 -0.3349 0.1969 -0.1622 -0.8511 0.4993 0.8 0.8238
0.0544 -0.3521 0.1675 0.139 -0.8932 0.4277 0.7 0.8524
0.0239 -0.2915 0.2635 0.0634 -0.7376 0.6722 0.7356 0.7654
-0.064 -0.3349 0.1969 -0.1622 -0.8511 0.4993 0.8 0.8238
0.1355 -0.2915 0.2273 0.3438 -0.7376 0.5811 0.6644 0.7654
0.0239 -0.2915 0.2635 0.0634 -0.7376 0.6722 0.7356 0.7654
0.0544 -0.3521 0.1675 0.139 -0.8932 0.4277 0.7 0.8524
0.1675 -0.3349 0.1217 0.4248 -0.8511 0.3086 0.6 0.8238
0.1355 -0.2915 0.2273 0.3438 -0.7376 0.5811 0.6644 0.7654
0.0544 -0.3521 0.1675 0.139 -0.8932 0.4277 0.7 0.8524
0.2351 -0.2656 0.1708 0.5982 -0.6732 0.4346 0.6 0.7357
0.1355 -0.2915 0.2273 0.3438 -0.7376 0.5811 0.6644 0.7654
0.1675 -0.3349 0.1217 0.4248 -0.8511 0.3086 0.6 0.8238
-0.0028 -0.1991 0.3396 -0.0053 -0.506 0.8625 0.7513 0.6688
-0.1088 -0.1761 0.3349 -0.2764 -0.4472 0.8507 0.8 0.6476
-0.0898 -0.2656 0.2764 -0.2285 -0.6732 0.7032 0.8 0.7357
0.0239 -0.2915 0.2635 0.0634 -0.7376 0.6722 0.7356 0.7654
-0.0028 -0.1991 0.3396 -0.0053 -0.506 0.8625 0.7513 0.6688
-0.0898 -0.2656 0.2764 -0.2285 -0.6732 0.7032 0.8 0.7357
0.1035 -0.207 0.3185 0.2629 -0.5257 0.809 0.7 0.6762
-0.0028 -0.1991 0.3396 -0.0053 -0.506 0.8625 0.7513 0.6688
0.0239 -0.2915 0.2635 0.0634 -0.7376 0.6722 0.7356 0.7654
0.1355 -0.2915 0.2273 0.3438 -0.7376 0.5811 0.6644 0.7654
0.1035 -0.207 0.3185 0.2629 -0.5257 0.809 0.7 0.6762
0.0239 -0.2915 0.2635 0.0634 -0.7376 0.6722 0.7356 0.7654
0.2019 -0.1991 0.2731 0.5112 -0.506 0.6947 0.6487 0.6688
0.1035 -0.207 0.3185 0.2629 -0.5257 0.809 0.7 0.6762
0.1355 -0.2915 0.2273 0.3438 -0.7376 0.5811 0.6644 0.7654
0.2351 -0.2656 0.1708 0.5982 -0.6732 0.4346 0.6 0.7357
0.2019 -0.1991 0.2731 0.5112 -0.506 0.6947 0.6487 0.6688
0.1355 -0.2915 0.2273 0.3438 -0.7376 0.5811 0.6644 0.7654
0.2849 -0.1761 0.207 0.7236 -0.4472 0.5257 0.6 0.6476
0.2019 -0.1991 0.2731 0.5112 -0.506 0.6947 0.6487 0.6688
0.2351 -0.2656 0.1708 0.5982 -0.6732 0.4346 0.6 0.7357
-0.0332 -0.3787 0.1023 -0.0838 -0.9625 0.258 -0.2 0.9119
-0.1076 -0.3787 -0 -0.2713 -0.9625 -0 0 0.9119
0 -0.3937 0 -0 -1 -0 -0.1 0.9999
-0.1424 -0.3521 0.1035 -0.3638 -0.8932 0.2643 -0.1 0.8524
-0.207 -0.3349 -0 -0.525 -0.8511 -0 0 0.8238
-0.1076 -0.3787 -0 -0.2713 -0.9625 -0 0 0.9119
-0.0332 -0.3787 0.1023 -0.0838 -0.9625 0.258 -0.2 0.9119
-0.1424 -0.3521 0.1035 -0.3638 -0.8932 0.2643 -0.1 0.8524
-0.1076 -0.3787 -0 -0.2713 -0.9625 -0 0 0.9119
-0.064 -0.3349 0.1969 -0.1622 -0.8511 0.4993 0.8 0.8238
-0.1424 -0.3521 0.1035 -0.3638 -0.8932 0.2643 0.9 0.8524
-0.0332 -0.3787 0.1023 -0.0838 -0.9625 0.258 0.8 0.9119
-0.2433 -0.2915 0.1042 -0.6197 -0.7376 0.268 -0.0644 0.7654
-0.2906 -0.2656 -0 -0.7394 -0.6732 0 0 0.7357
-0.207 -0.3349 -0 -0.525 -0.8511 -0 0 0.8238
-0.1424 -0.3521 0.1035 -0.3638 -0.8932 0.2643 -0.1 0.8524
-0.2433 -0.2915 0.1042 -0.6197 -0.7376 0.268 -0.0644 0.7654
-0.207 -0.3349 -0 -0.525 -0.8511 -0 0 0.8238
-0.1743 -0.2915 0.1991 -0.4464 -0.7376 0.5066 0.8644 0.7654
-0.2433 -0.2915 0.1042 -0.6197 -0.7376 0.268 0.9356 0.7654
-0.1424 -0.3521 0.1035 -0.3638 -0.8932 0.2643 0.9 0.8524
-0.064 -0.3349 0.1969 -0.1622 -0.8511 0.4993 0.8 0.8238
-0.1743 -0.2915 0.1991 -0.4464 -0.7376 0.5066 0.8644 0.7654
-0.1424 -0.3521 0.1035 -0.3638 -0.8932 0.2643 0.9 0.8524
-0.0898 -0.2656 0.2764 -0.2285 -0.6732 0.7032 0.8 0.7357
-0.1743 -0.2915 0.1991 -0.4464 -0.7376 0.5066 0.8644 0.7654
-0.064 -0.3349 0.1969 -0.1622 -0.8511 0.4993 0.8 0.8238
-0.3239 -0.1991 0.1023 -0.8219 -0.506 0.2615 -0.0487 0.6688
-0.3521 -0.1761 -0 -0.8944 -0.4472 0 0 0.6476
-0.2906 -0.2656 -0 -0.7394 -0.6732 0 0 0.7357
-0.2433 -0.2915 0.1042 -0.6197 -0.7376 0.268 -0.0644 0.7654
-0.3239 -0.1991 0.1023 -0.8219 -0.506 0.2615 -0.0487 0.6688
-0.2906 -0.2656 -0 -0.7394 -0.6732 0 0 0.7357
-0.2709 -0.207 0.1969 -0.6882 -0.5257 0.5 0.9 0.6762
-0.3239 -0.1991 0.1023 -0.8219 -0.506 0.2615 0.9513 0.6688
-0.2433 -0.2915 0.1042 -0.6197 -0.7376 0.268 0.9356 0.7654
-0.1743 -0.2915 0.1991 -0.4464 -0.7376 0.5066 0.8644 0.7654
-0.2709 -0.207 0.1969 -0.6882 -0.5257 0.5 0.9 0.6762
-0.2433 -0.2915 0.1042 -0.6197 -0.7376 0.268 0.9356 0.7654
-0.1974 -0.1991 0.2764 -0.5027 -0.506 0.7009 0.8487 0.6688
-0.2709 -0.207 0.1969 -0.6882 -0.5257 0.5 0.9 0.6762
-0.1743 -0.2915 0.1991 -0.4464 -0.7376 0.5066 0.8644 0.7654
-0.0898 -0.2656 0.2764 -0.2285 -0.6732 0.7032 0.8 0.7357
-0.1974 -0.1991 0.2764 -0.5027 -0.506 0.7009 0.8487 0.6688
-0.1743 -0.2915 0.1991 -0.4464 -0.7376 0.5066 0.8644 0.7654
-0.1088 -0.1761 0.3349 -0.2764 -0.4472 0.8507 0.8 0.6476
-0.1974 -0.1991 0.2764 -0.5027 -0.506 0.7009 0.8487 0.6688
-0.0898 -0.2656 0.2764 -0.2285 -0.6732 0.7032 0.8 0.7357
-0.1076 -0.3787 -0 -0.2713 -0.9625 -0 0 0.9119
-0.0332 -0.3787 -0.1023 -0.0838 -0.9625 -0.258 0.2 0.9119
0 -0.3937 0 -0 -1 -0 0.1 0.9999
-0.1424 -0.3521 -0.1035 -0.3638 -0.8932 -0.2643 0.1 0.8524
-0.064 -0.3349 -0.1969 -0.1622 -0.8511 -0.4993 0.2 0.8238
-0.0332 -0.3787 -0.1023 -0.0838 -0.9625 -0.258 0.2 0.9119
-0.1076 -0.3787 -0 -0.2713 -0.9625 -0 0 0.9119
-0.1424 -0.3521 -0.1035 -0.3638 -0.8932 -0.2643 0.1 0.8524
-0.0332 -0.3787 -0.1023 -0.0838 -0.9625 -0.258 0.2 0.9119
-0.207 -0.3349 -0 -0.525 -0.8511 -0 0 0.8238
-0.1424 -0.3521 -0.1035 -0.3638 -0.8932 -0.2643 0.1 0.8524
-0.1076 -0.3787 -0 -0.2713 -0.9625 -0 0 0.9119
-0.1743 -0.2915 -0.1991 -0.4464 -0.7376 -0.5066 0.1356 0.7654
-0.0898 -0.2656 -0.2764 -0.2285 -0.6732 -0.7032 0.2 0.7357
-0.064 -0.3349 -0.1969 -0.1622 -0.8511 -0.4993 0.2 0.8238
-0.1424 -0.3521 -0.1035 -0.3638 -0.8932 -0.2643 0.1 0.8524
-0.1743 -0.2915 -0.1991 -0.4464 -0.7376 -0.5066 0.1356 0.7654
-0.064 -0.3349 -0.1969 -0.1622 -0.8511 -0.4993 0.2 0.8238
-0.2433 -0.2915 -0.1042 -0.6197 -0.7376 -0.268 0.0644 0.7654
-0.1743 -0.2915 -0.1991 -0.4464 -0.7376 -0.5066 0.1356 0.7654
-0.1424 -0.3521 -0.1035 -0.3638 -0.8932 -0.2643 0.1 0.8524
-0.207 -0.3349 -0 -0.525 -0.8511 -0 0 0.8238
-0.2433 -0.2915 -0.1042 -0.6197 -0.7376 -0.268 0.0644 0.7654
-0.1424 -0.3521 -0.1035 -0.3638 -0.8932 -0.2643 0.1 0.8524
-0.2906 -0.2656 -0 -0.7394 -0.6732 0 0 0.7357
-0.2433 -0.2915 -0.1042 -0.6197 -0.7376 -0.268 0.0644 0.7654
-0.207 -0.3349 -0 -0.525 -0.8511 -0 0 0.8238
-0.1974 -0.1991 -0.2764 -0.5027 -0.506 -0.7009 0.1513 0.6688
-0.1088 -0.1761 -0.3349 -0.2764 -0.4472 -0.8507 0.2 0.6476
-0.0898 -0.2656 -0.2764 -0.2285 -0.6732 -0.7032 0.2 0.7357
-0.1743 -0.2915 -0.1991 -0.4464 -0.7376 -0.5066 0.1356 0.7654
-0.1974 -0.1991 -0.2764 -0.5027 -0.506 -0.7009 0.1513 0.6688
-0.0898 -0.2656 -0.2764 -0.2285 -0.6732 -0.7032 0.2 0.7357
-0.2709 -0.207 -0.1969 -0.6882 -0.5257 -0.5 0.1 0.6762
-0.1974 -0.1991 -0.2764 -0.5027 -0.506 -0.7009 0.1513 0.6688
-0.1743 -0.2915 -0.1991 -0.4464 -0.7376 -0.5066 0.1356 0.7654
-0.2433 -0.2915 -0.1042 -0.6197 -0.7376 -0.268 0.0644 0.7654
-0.2709 -0.207 -0.1969 -0.6882 -0.5257 -0.5 0.1 0.6762
-0.1743 -0.2915 -0.1991 -0.4464 -0.7376 -0.5066 0.1356 0.7654
-0.3239 -0.1991 -0.1023 -0.8219 -0.506 -0.2615 0.0487 0.6688
-0.2709 -0.207 -0.1969 -0.6882 -0.5257 -0.5 0.1 0.6762
-0.2433 -0.2915 -0.1042 -0.6197 -0.7376 -0.268 0.0644 0.7654
-0.2906 -0.2656 -0 -0.7394 -0.6732 0 0 0.7357
-0.3239 -0.1991 -0.1023 -0.8219 -0.506 -0.2615 0.0487 0.6688
-0.2433 -0.2915 -0.1042 -0.6197 -0.7376 -0.268 0.0644 0.7654
-0.3521 -0.1761 -0 -0.8944 -0.4472 0 0 0.6476
-0.3239 -0.1991 -0.1023 -0.8219 -0.506 -0.2615 0.0487 0.6688
-0.2906 -0.2656 -0 -0.7394 -0.6732 0 0 0.7357
-0.0332 -0.3787 -0.1023 -0.0838 -0.9625 -0.258 0.2 0.9119
0.087 -0.3787 -0.0632 0.2195 -0.9625 -0.1595 0.4 0.9119
0 -0.3937 0 -0 -1 -0 0.3 0.9999
0.0544 -0.3521 -0.1675 0.139 -0.8932 -0.4277 0.3 0.8524
0.1675 -0.3349 -0.1217 0.4248 -0.8511 -0.3086 0.4 0.8238
0.087 -0.3787 -0.0632 0.2195 -0.9625 -0.1595 0.4 0.9119
-0.0332 -0.3787 -0.1023 -0.0838 -0.9625 -0.258 0.2 0.9119
0.0544 -0.3521 -0.1675 0.139 -0.8932 -0.4277 0.3 0.8524
0.087 -0.3787 -0.0632 0.2195 -0.9625 -0.1595 0.4 0.9119
-0.064 -0.3349 -0.1969 -0.1622 -0.8511 -0.4993 0.2 0.8238
0.0544 -0.3521 -0.1675 0.139 -0.8932 -0.4277 0.3 0.8524
-0.0332 -0.3787 -0.1023 -0.0838 -0.9625 -0.258 0.2 0.9119
0.1355 -0.2915 -0.2273 0.3438 -0.7376 -0.5811 0.3356 0.7654
0.2351 -0.2656 -0.1708 0.5982 -0.6732 -0.4346 0.4 0.7357
0.1675 -0.3349 -0.1217 0.4248 -0.8511 -0.3086 0.4 0.8238
0.0544 -0.3521 -0.1675 0.139 -0.8932 -0.4277 0.3 0.8524
0.1355 -0.2915 -0.2273 0.3438 -0.7376 -0.5811 0.3356 0.7654
0.1675 -0.3349 -0.1217 0.4248 -0.8511 -0.3086 0.4 0.8238
0.0239 -0.2915 -0.2635 0.0634 -0.7376 -0.6722 0.2644 0.7654
0.1355 -0.2915 -0.2273 0.3438 -0.7376 -0.5811 0.3356 0.7654
0.0544 -0.3521 -0.1675 0.139 -0.8932 -0.4277 0.3 0.8524
-0.064 -0.3349 -0.1969 -0.1622 -0.8511 -0.4993 0.2 0.8238
0.0239 -0.2915 -0.2635 0.0634 -0.7376 -0.6722 0.2644 0.7654
0.0544 -0.3521 -0.1675 0.139 -0.8932 -0.4277 0.3 0.8524
-0.0898 -0.2656 -0.2764 -0.2285 -0.6732 -0.7032 0.2 0.7357
0.0239 -0.2915 -0.2635 0.0634 -0.7376 -0.6722 0.2644 0.7654
-0.064 -0.3349 -0.1969 -0.1622 -0.8511 -0.4993 0.2 0.8238
0.2019 -0.1991 -0.2731 0.5112 -0.506 -0.6947 0.3513 0.6688
0.2849 -0.1761 -0.207 0.7236 -0.4472 -0.5257 0.4 0.6476
0.2351 -0.2656 -0.1708 0.5982 -0.6732 -0.4346 0.4 0.7357
0.1355 -0.2915 -0.2273 0.3438 -0.7376 -0.5811 0.3356 0.7654
0.2019 -0.1991 -0.2731 0.5112 -0.506 -0.6947 0.3513 0.6688
0.2351 -0.2656 -0.1708 0.5982 -0.6732 -0.4346 0.4 0.7357
0.1035 -0.207 -0.3185 0.2629 -0.5257 -0.809 0.3 0.6762
0.2019 -0.1991 -0.2731 0.5112 -0.506 -0.6947 0.3513 0.6688
0.1355 -0.2915 -0.2273 0.3438 -0.7376 -0.5811 0.3356 0.7654
0.0239 -0.2915 -0.2635 0.0634 -0.7376 -0.6722 0.2644 0.7654
0.1035 -0.207 -0.3185 0.2629 -0.5257 -0.809 0.3 0.6762
0.1355 -0.2915 -0.2273 0.3438 -0.7376 -0.5811 0.3356 0.7654
-0.0028 -0.1991 -0.3396 -0.0053 -0.506 -0.8625 0.2487 0.6688
0.1035 -0.207 -0.3185 0.2629 -0.5257 -0.809 0.3 0.6762
0.0239 -0.2915 -0.2635 0.0634 -0.7376 -0.6722 0.2644 0.7654
-0.0898 -0.2656 -0.2764 -0.2285 -0.6732 -0.7032 0.2 0.7357
-0.0028 -0.1991 -0.3396 -0.0053 -0.506 -0.8625 0.2487 0.6688
0.0239 -0.2915 -0.2635 0.0634 -0.7376 -0.6722 0.2644 0.7654
-0.1088 -0.1761 -0.3349 -0.2764 -0.4472 -0.8507 0.2 0.6476
-0.0028 -0.1991 -0.3396 -0.0053 -0.506 -0.8625 0.2487 0.6688
-0.0898 -0.2656 -0.2764 -0.2285 -0.6732 -0.7032 0.2 0.7357
0.087 -0.3787 -0.0632 0.2195 -0.9625 -0.1595 0.4 0.9119
0.087 -0.3787 0.0632 0.2195 -0.9625 0.1595 0.6 0.9119
0 -0.3937 0 -0 -1 -0 0.5 0.9999
0.1761 -0.3521 0 0.4497 -0.8932 0 0.5 0.8524
0.1675 -0.3349 0.1217 0.4248 -0.8511 0.3086 0.6 0.8238
0.087 -0.3787 0.0632 0.2195 -0.9625 0.1595 0.6 0.9119
0.087 -0.3787 -0.0632 0.2195 -0.9625 -0.1595 0.4 0.9119
0.1761 -0.3521 0 0.4497 -0.8932 0 0.5 0.8524
0.087 -0.3787 0.0632 0.2195 -0.9625 0.1595 0.6 0.9119
0.1675 -0.3349 -0.1217 0.4248 -0.8511 -0.3086 0.4 0.8238
0.1761 -0.3521 0 0.4497 -0.8932 0 0.5 0.8524
0.087 -0.3787 -0.0632 0.2195 -0.9625 -0.1595 0.4 0.9119
0.258 -0.2915 0.0587 0.6589 -0.7376 0.1474 0.5356 0.7654
0.2351 -0.2656 0.1708 0.5982 -0.6732 0.4346 0.6 0.7357
0.1675 -0.3349 0.1217 0.4248 -0.8511 0.3086 0.6 0.8238
0.1761 -0.3521 0 0.4497 -0.8932 0 0.5 0.8524
0.258 -0.2915 0.0587 0.6589 -0.7376 0.1474 0.5356 0.7654
0.1675 -0.3349 0.1217 0.4248 -0.8511 0.3086 0.6 0.8238
0.258 -0.2915 -0.0587 0.6589 -0.7376 -0.1474 0.4644 0.7654
0.258 -0.2915 0.0587 0.6589 -0.7376 0.1474 0.5356 0.7654
0.1761 -0.3521 0 0.4497 -0.8932 0 0.5 0.8524
0.1675 -0.3349 -0.1217 0.4248 -0.8511 -0.3086 0.4 0.8238
0.258 -0.2915 -0.0587 0.6589 -0.7376 -0.1474 0.4644 0.7654
0.1761 -0.3521 0 0.4497 -0.8932 0 0.5 0.8524
0.2351 -0.2656 -0.1708 0.5982 -0.6732 -0.4346 0.4 0.7357
0.258 -0.2915 -0.0587 0.6589 -0.7376 -0.1474 0.4644 0.7654
0.1675 -0.3349 -0.1217 0.4248 -0.8511 -0.3086 0.4 0.8238
0.3222 -0.1991 0.1076 0.8187 -0.506 0.2715 0.5513 0.6688
0.2849 -0.1761 0.207 0.7236 -0.4472 0.5257 0.6 0.6476
0.2351 -0.2656 0.1708 0.5982 -0.6732 0.4346 0.6 0.7357
0.258 -0.2915 0.0587 0.6589 -0.7376 0.1474 0.5356 0.7654
0.3222 -0.1991 0.1076 0.8187 -0.506 0.2715 0.5513 0.6688
0.2351 -0.2656 0.1708 0.5982 -0.6732 0.4346 0.6 0.7357
0.3349 -0.207 0 0.8507 -0.5257 0 0.5 0.6762
0.3222 -0.1991 0.1076 0.8187 -0.506 0.2715 0.5513 0.6688
0.258 -0.2915 0.0587 0.6589 -0.7376 0.1474 0.5356 0.7654
0.258 -0.2915 -0.0587 0.6589 -0.7376 -0.1474 0.4644 0.7654
0.3349 -0.207 0 0.8507 -0.5257 0 0.5 0.6762
0.258 -0.2915 0.0587 0.6589 -0.7376 0.1474 0.5356 0.7654
0.3222 -0.1991 -0.1076 0.8187 -0.506 -0.2715 0.4487 0.6688
0.3349 -0.207 0 0.8507 -0.5257 0 0.5 0.6762
0.258 -0.2915 -0.0587 0.6589 -0.7376 -0.1474 0.4644 0.7654
0.2351 -0.2656 -0.1708 0.5982 -0.6732 -0.4346 0.4 0.7357
0.3222 -0.1991 -0.1076 0.8187 -0.506 -0.2715 0.4487 0.6688
0.258 -0.2915 -0.0587 0.6589 -0.7376 -0.1474 0.4644 0.7654
0.2849 -0.1761 -0.207 0.7236 -0.4472 -0.5257 0.4 0.6476
0.3222 -0.1991 -0.1076 0.8187 -0.506 -0.2715 0.4487 0.6688
0.2351 -0.2656 -0.1708 0.5982 -0.6732 -0.4346 0.4 0.7357
