36
-0.5 0.5 -0.5 0 0 -1 0.001992 0.00199199
0.5 -0.5 -0.5 0 0 -1 0.998008 0.998008
-0.5 -0.5 -0.5 0 0 -1 0.001992 0.998008
0.5 0.5 -0.5 0 0 -1 0.998008 0.00199199
0.5 -0.5 -0.5 0 0 -1 0.998008 0.998008
-0.5 0.5 -0.5 0 0 -1 0.001992 0.00199199
-0.5 0.5 0.5 0 1 -0 0.001992 0.00199199
0.5 0.5 -0.5 0 1 -0 0.998008 0.998008
-0.5 0.5 -0.5 0 1 -0 0.001992 0.998008
0.5 0.5 0.5 0 1 -0 0.998008 0.00199199
0.5 0.5 -0.5 0 1 -0 0.998008 0.998008
-0.5 0.5 0.5 0 1 -0 0.001992 0.00199199
-0.5 -0.5 0.5 0 0 1 0.998008 0.998008
0.5 0.5 0.5 0 0 1 0.001992 0.00199199
-0.5 0.5 0.5 0 0 1 0.998008 0.00199199
0.5 -0.5 0.5 0 0 1 0.001992 0.998008
0.5 0.5 0.5 0 0 1 0.001992 0.00199199
-0.5 -0.5 0.5 0 0 1 0.998008 0.998008
-0.5 -0.5 -0.5 0 -1 -0 0.001992 0.00199199
0.5 -0.5 0.5 0 -1 -0 0.998008 0.998008
-0.5 -0.5 0.5 0 -1 -0 0.001992 0.998008
0.5 -0.5 -0.5 0 -1 -0 0.998008 0.00199199
0.5 -0.5 0.5 0 -1 -0 0.998008 0.998008
-0.5 -0.5 -0.5 0 -1 -0 0.001992 0.00199199
0.5 0.5 -0.5 1 0 -0 0.001992 0.00199199
0.5 -0.5 0.5 1 0 -0 0.998008 0.998008
0.5 -0.5 -0.5 1 0 -0 0.001992 0.998008
0.5 0.5 0.5 1 0 -0 0.998008 0.00199199
0.5 -0.5 0.5 1 0 -0 0.998008 0.998008
0.5 0.5 -0.5 1 0 -0 0.001992 0.00199199
-0.5 0.5 0.5 -1 0 -0 0.001992 0.00199199
-0.5 -0.5 -0.5 -1 0 -0 0.998008 0.998008
-0.5 -0.5 0.5 -1 0 -0 0.001992 0.998008
-0.5 0.5 -0.5 -1 0 -0 0.998008 0.00199199
-0.5 -0.5 -0.5 -1 0 -0 0.998008 0.998008
-0.5 0.5 0.5 -1 0 -0 0.001992 0.00199199
